# Number of parameters = 313 Objective function value = 15926.4865715353  Maximum gradient component = 0.00205774727735560
# Linf:
422.600000000
# K:
0.300000000000
# t0:
-1.47000000000
# len_cv_val:
0.136000000000
# log_Nage_dev:
 0.902098271112 0.371246918771 0.232720298115 0.158674796959 0.112789199599 0.0821616745579 0.0608527663582 0.0455630255633 0.0343475528658 0.0260165080768 0.0197951293655 0.0151011192398 0.0513609612152
# log_R0:
14.4908629505
# steep:
0.600000000000
# rec_sigma:
0.538302410099
# R_autocorr:
0.00000000000
# log_rec_dev:
 -0.297774989589 0.301124244711 1.69094081773 0.517242832141 -0.197664865984 0.584147251408 0.400954698140 -0.0737106397104 0.429497047908 0.390488021435 0.473241736904 0.381134332090 0.288902775884 0.842025860872 0.555759627871 0.437689922430 0.314585712035 -0.0732511982784 -0.0521139704241 0.0963267876927 0.443303962414 -0.245158771422 -0.0860145360076 0.0228605029445 -0.348173235658 -0.944375469159 -0.199613094789 0.179312495486 -0.145653534062 -0.156367356376 0.0153337332867 0.162779692185 -0.266139018424 -0.669488455007 -0.254201031427 0.236169145059 0.183370250189 -0.318142256693 -0.959055288673 -0.643135118255 -0.936169153721 -0.649759993540 -1.43122947361
# log_dm_lenc_cTw:
3.05755594451
# log_dm_agec_cHl:
4.37381694111
# log_dm_agec_rHb:
3.25150175333
# log_dm_agec_sCT:
1.89013350942
# A50_sel_cHl2:
1.72312779396
# slope_sel_cHl2:
6.51850786806
# A50_sel_cHl3:
2.94288503379
# slope_sel_cHl3:
2.60088132760
# A50_sel_cTw:
0.958510034891
# slope_sel_cTw:
4.09269400037
# A50_sel_rHb1:
1.11670524277
# slope_sel_rHb1:
7.89028521417
# A50_sel_rHb2:
2.07794297835
# slope_sel_rHb2:
3.39850735766
# A50_sel_rHb3:
3.70411516445
# slope_sel_rHb3:
1.91342269059
# A50_sel_sCT:
2.33485929097
# slope_sel_sCT:
1.39539213717
# log_q_cpue_rHb:
-15.0515842490
# log_q_cpue_sCT:
-14.1527208305
# q_RW_log_dev_cpue_rHb:
 0.00000000000 0.00000000000 0.00000000000 0.00000000000 0.00000000000 0.00000000000 0.00000000000 0.00000000000 0.00000000000 0.00000000000 0.00000000000 0.00000000000 0.00000000000 0.00000000000 0.00000000000 0.00000000000 0.00000000000 0.00000000000 0.00000000000 0.00000000000 0.00000000000 0.00000000000 0.00000000000 0.00000000000 0.00000000000
# M_constant:
0.220000000000
# log_avg_F_L_cHl:
-2.31245476817
# log_F_dev_L_cHl:
 -3.15504322426 -3.93632667493 -1.89215193721 -1.23763569026 -1.06171015400 -0.706619571514 -0.152984785215 0.161461261633 0.291695995925 0.730415271463 1.02557260214 1.17272692044 1.24068545869 1.15805904913 1.28444342381 1.19633160560 1.43870989634 1.39091619968 1.63374329862 1.37529352599 0.936262972443 0.941120124014 0.946036063064 0.951639189911 0.824997859691 0.892636860990 0.622308705129 -0.0735335411510 -1.61839304490 -0.768793975799 -0.783992574185 -0.879187412823 -1.01713325020 -1.15346456116 -0.687592946199 -0.193725450204 -0.0451066363368 -0.0831759197124 -0.0815102789809 0.180209688940 -0.124361867367 -0.193158567544 -0.312052406015 -0.242151900141 -0.152697472991 0.157237869471
# log_avg_F_L_cTw:
-5.51509843397
# log_F_dev_L_cTw:
 -3.91440448144 -0.936234488402 -3.85211424559 -3.23954478513 0.354187108307 1.48449087517 -1.66461469032 0.828100253469 2.20853218261 2.37283151895 2.30126916990 1.85415462732 1.39975189259 0.146026680549 0.158591268345 -0.215848875650 0.714825989323
# log_avg_F_L_rHb:
-3.30193681974
# log_F_dev_L_rHb:
 -0.140521747626 0.274488508092 0.0398425502793 0.118120146516 0.0637849806117 0.000741397581478 -0.379224037074 -0.540775424516 -0.269151591744 -0.173991460350 0.539268262666 0.198885001123 0.0860725262237 0.460251051250 0.401214429026 0.544281138912 0.497713379222 0.260440102802 0.0149737979024 0.313659098381 0.487675388136 0.523480068030 0.476485007812 0.500954328918 0.310433967658 0.147634267257 0.217163015660 0.433465524958 -1.07522766078 0.0954412967551 -0.151811731209 -0.100715137118 -0.0215862825553 -0.114445584927 0.267212573159 0.854531863858 0.0100922350932 -0.517284163387 -0.393322116024 -0.391245516479 -0.335591888585 -0.734682043301 -0.841960812835 -0.877677901937 -0.586781382414 -0.492309425019
# log_avg_F_L_rGe:
-3.35226075442
# log_F_dev_L_rGe:
 -1.08174630483 -0.975950373618 -0.901270269340 -0.803829407320 -0.714421366075 -1.04319709197 -1.33839332928 -1.14271630100 -0.944385486186 -1.22131664511 -1.01461257431 -1.74141744629 0.822623888739 0.613163277842 -1.03813384617 -0.305915926316 0.761186328994 0.254649500329 0.0903866503856 -0.398515685944 1.15078918157 0.170416837959 0.525783857683 0.0981179041886 0.377488542747 -0.756507519971 -0.281779944049 0.365499581933 -0.752143876585 0.481279494252 0.912307868794 0.966499936472 1.18516994698 0.640824942429 0.0223619023069 0.585850047639 1.25260106140 0.531266982114 -0.0550636248758 0.565484007745 0.476150301521 0.0183473778910 -0.468792166601 0.616935275694 2.35007347951 1.14485100871
# log_avg_F_D_cHl:
-4.50435585846
# log_F_dev_D_cHl:
 0.886505011896 0.974639055821 1.05464608533 2.16664434118 0.266288547547 0.0682307088548 -0.407005311270 -0.0296868205830 -0.594366476996 -0.0542161737828 -0.0844047910570 -0.569104144137 -1.31651874451 -0.578574249990 -0.576127517792 -0.340797726156 -0.152019867955 -0.479355769710 -0.234776156687
# log_avg_F_D_rHb:
-5.42500840470
# log_F_dev_D_rHb:
 0.901079062823 0.475524527445 0.312859273505 1.03118493621 -0.243446312592 0.479378421204 0.421904022874 0.117354442019 -0.415828198083 -0.649509649602 -0.651296211593 -0.568218826593 -0.647497713821 -0.247928499404 -0.0799665752695 -0.0534653028273 -0.182127396295
# log_avg_F_D_rGe:
-6.24684700108
# log_F_dev_D_rGe:
 -3.01587224535 -2.33916932379 -3.13885184163 -2.32868835260 0.0528395722717 -3.22488297023 0.558721211560 -2.97791072641 0.374643201924 -4.19229872340 -4.10733270646 0.173893977599 -0.154787020201 -1.25428407522 0.821975644486 -0.365572308116 -1.61211242942 -0.299994833584 1.90847645016 0.990125161131 2.71163920240 1.96487900462 2.28714088166 2.21774484757 1.58760341847 -0.361818126828 1.44558295785 2.33786292026 0.113249554331 0.758535687604 0.544545337135 -0.407232438174 0.211870471053 1.26379946813 2.01484149525 3.63753193936 1.80330571660
